[[283, 285, 287, 288, 290, 291, 291, 291, 290, 289, 287, 285, 283, 280, 278, 276, 275, 273, 273, 273, 273,
  274, 276, 277, 279, 282, 284, 286, 287, 289, 289, 290, 289, 288, 287, 285, 283, 281, 279, 276, 275, 273,
  272, 271, 271, 272, 273, 275, 277, 279, 281, 283, 285, 286, 288, 288, 288, 288, 287, 285, 283, 281, 279,
  277, 275, 273, 271, 270, 270, 270, 271, 272, 274, 276, 278, 280, 282, 284, 285, 286, 287, 287, 286, 285,
  284, 282, 279, 277, 275, 273, 271, 270, 269, 269, 269, 270, 271, 273, 275, 277],
 [268, 273, 277, 280, 281, 280, 277, 273, 268, 264, 261, 259, 259, 261, 263, 266, 269, 271, 271, 270, 268,
  265, 262, 260, 259, 259, 261, 265, 269, 274, 278, 280, 280, 278, 275, 270, 264, 259, 255, 253, 253, 255,
  258, 262, 267, 271, 273, 274, 274, 272, 269, 266, 263, 262, 262, 264, 266, 269, 272, 274, 274, 273, 270,
  266, 261, 257, 253, 252, 252, 255, 259, 264, 270, 274, 278, 279, 278, 276, 272, 267, 263, 259, 257, 257,
  258, 261, 263, 266, 268, 269, 268, 266, 263, 260, 258, 257, 257, 259, 262, 266],
 [239, 251, 261, 269, 272, 270, 264, 255, 245, 234, 224, 218, 214, 215, 219, 226, 234, 242, 249, 253, 255,
  253, 250, 245, 240, 236, 233, 232, 234, 237, 241, 246, 250, 252, 252, 250, 247, 242, 237, 232, 229, 228,
  228, 231, 235, 240, 245, 249, 252, 254, 254, 252, 250, 247, 245, 243, 242, 242, 242, 242, 242, 242, 240,
  238, 236, 233, 232, 232, 234, 238, 243, 250, 257, 263, 267, 269, 267, 262, 255, 245, 235, 226, 220, 216,
  217, 222, 229, 240, 250, 260, 268, 272, 273, 269, 262, 253, 244, 236, 230, 227],
 [270, 282, 292, 299, 302, 300, 295, 287, 279, 273, 268, 266, 266, 269, 272, 274, 275, 273, 269, 264, 259,
  254, 252, 253, 256, 261, 267, 273, 276, 277, 275, 271, 265, 259, 255, 253, 255, 261, 269, 278, 287, 293,
  295, 293, 287, 279, 269, 260, 253, 249, 249, 253, 258, 265, 272, 276, 278, 278, 276, 273, 270, 269, 269,
  271, 275, 278, 280, 281, 278, 272, 264, 255, 247, 241, 239, 240, 246, 255, 266, 276, 284, 288, 289, 286,
  280, 273, 267, 263, 262, 264, 269, 275, 281, 285, 287, 286, 282, 276, 269, 263]]